0,387
0,386
0,385
0,384
0,319
32,4
32,3
32,2
32,1
32,0
31,3
31,2
31,1
31,0
30,5
30,4
30,3
30,2
0,318
30,1
30,0
29,3
29,2
29,1
29,0
28,4
28,3
28,2
28,1
28,0
27,5
27,4
27,3
27,2
27,1
27,0
0,317
0,316
26,3
26,2
26,1
26,0
25,4
25,3
25,2
0,283
0,243
25,1
25,0
0,273
0,270
24,4
24,3
24,2
0,9
24,1
24,0
23,52
23,51
23,50
23,49
23,48
23,47
23,46
23,45
23,44
23,43
23,42
23,41
23,40
23,39
23,38
23,37
23,36
23,35
3,2
3,1
3,3
10,7
10,77
10,11
10,145
10,31
10,2
10,3
11,6
11,18
11,4
11,9
11,8
11,17
11,10
11,2
11,3
9,5
9,2
9,3
8,5
8,8
8,10
8,2
8,3
12,2
12,1
12,3
20,2
20,1
20,3
11,28
11,27
11,26
11,25
11,24
11,23
19,2
11,22
19,1
11,21
19,3
11,20
11,1
11,19
10,303
10,302
10,301
10,300
10,299
